galleryId	productId	photo	photoCoordinate	sequence	statu	guid	optionList
3	1	20140322255bacarphoto.png	0,27,500,377,500,350	1	1	c5cccafd-a175-44f4-9bf8-638166d30f85	NULL
4	2	2014040442f1daudia3camcitasi(1).jpg	0,0,2048,1433.6,2048,1433.6	2	1	529e7f04-6e45-40d9-a640-d8097dc11b17	NULL
5	3	20140404630ffaudiq7camcercevesivekapidirek(3).jpg	0,0,2048,1433.6,2048,1433.6	3	1	ee5625f3-fa40-429c-8e60-d1c7c59a77f2	NULL
6	4	2014040456128bmwx1camcercevesivekapidirek.jpg	0,102,2048,1535.6,2048,1433.6	4	1	7cd770e4-a42e-4e14-9505-a594d2cfcff9	NULL
8	5	201404048313bbmwx1camcitasi.jpg	1470,0,3537.1428571428573,1447,2067.1428571428573,1447	5	1	e46d33cb-cbb3-46b8-ba07-339a0ef043bd	NULL
14	6	20140405c8591bmwx1camcercevesi(1).jpg	263,157,1833,1256,1570,1099	6	1	58f53b45-fb07-4b97-b92b-7b05373cc461	NULL
16	7	2014040600f09bmwx5camcitasivekapidirek.jpg	0,19,676,492.2,676,473.2	7	1	423b6365-6440-44d3-9667-249791c593d3	NULL
17	8	2014040687a21bmwx5camcitasivekapidirek.jpg	0,19,674.2857142857143,491,674.2857142857143,472	8	1	f7389ddf-9eeb-4e7a-adf5-0d177eda41ac	NULL
18	9	20140406fd5b8bmwx5camcercevesi(2).jpg	1191,293,3983.857142857143,2248,2792.857142857143,1955	9	1	ff72d284-96b8-43b2-bd79-16908c52874e	NULL
20	10	20140406f5796bmwx6(2011)camcercevesivekapidirek.jpg	0,197,1912.857142857143,1536,1912.857142857143,1339	10	1	4eb13b71-3560-4c26-90eb-50791017ec49	NULL
21	11	20140407af9bdcherytiggocamcitasivekapidirek(2).jpg	0,102,2048,1535.6,2048,1433.6	11	1	b2a68821-c152-476b-a5e6-29e90ed773fe	NULL
22	12	201404071e0cachevroletcaptivabagajalticitasi.jpg	161,175,2038.142857142857,1489,1877.142857142857,1314	12	1	08af3cbb-e793-461a-92a0-5af0891b4057	NULL
23	13	201404075f2abchevroletcaptivacamcercevesivekapidirek.jpg	16,116,2044.5714285714287,1536,2028.5714285714287,1420	13	1	6c30ca08-1b10-4f14-80ba-22a386c420aa	NULL
24	14	201404078cd93chevroletcaptivacamcercevesi(1).jpg	218,234,1974,1463.2,1756,1229.2	14	1	06a4079c-9c46-418f-9013-c94b983cf117	NULL
26	15	20140407e8bf7chevroletcruzecamcercevesiveyankapicitasi(1).jpg	711,0,3515.285714285714,1963,2804.285714285714,1963	15	1	e85b8dd1-745b-49cf-9ebb-3c7a332c4aa2	NULL
27	16	20140407cd5bachevroletcruzecamcercevesivekapidirek(2)a.jpg	168,59,1352.2857142857142,887.9999999999999,1184.2857142857142,828.9999999999999	16	1	beb0b1f4-8d96-4708-bcbb-139bee694676	NULL
28	17	20140407b3c7echevroletcruzecamcitasi(1).jpg	202,98,1059.142857142857,698,857.1428571428571,600	17	1	47c49ec6-4f74-4fb2-a33c-bc3ae4d97450	NULL
29	18	2014040701ee4chevroletcruzecamcercevesi(3).jpg	136,230,1947.4285714285716,1498,1811.4285714285716,1268	18	1	9658451b-77c9-4b58-af36-a9cd8922d5af	NULL
30	19	20140407c8e0fchevroletepica2011camcercevesivekapidireka.jpg	39,173,1986.142857142857,1536,1947.142857142857,1363	19	1	c1071b55-e3fc-4ce0-a828-320ef71db1d9	NULL
31	20	20140410ec470chevroletepica2011camcercevesi.jpg	108,178,2048,1536,1940,1358	20	1	46690451-97a2-44dc-9ab2-e2c32ac62ab5	NULL
32	21	20140410296e5chevroletepicabagajalticitasi.jpg	114,110,1967,1407.1,1853,1297.1	21	1	3e1ace44-2517-4eec-9c85-10bd4bc3004e	NULL
33	22	20140410ca1d3chrysler300ckapidirek.jpg	242,441,1798,1530.2,1556,1089.2	22	1	6bbcdd3b-0404-4a08-9b96-ca17e01310c5	NULL
34	23	20140410c973acitroenc5camcercevesi(1).jpg	79,158,2047.5714285714287,1536,1968.5714285714287,1378	23	1	97d1bf05-ca64-4c4a-b7de-4befb6db5ed1	NULL
35	24	20140410d2dabcitroenelyseecamcitasi.jpg	199,-20,699,330,500,350	24	1	a2af0b80-1c05-4192-a4a7-e0b20822ba90	NULL
36	25	201404100fe1ddaciasanderocamcitasivekapidirek.jpg	0,102,1903,1434.1,1903,1332.1	25	1	60144fdf-a300-4c9f-8369-eeeda519b714	NULL
37	26	20140410cdbb8daciasanderocamcitasivekapidirek.jpg	0,101,1904.2857142857142,1434,1904.2857142857142,1333	26	1	738a2500-8de3-4a40-af76-c39dca424594	NULL
38	27	20140410f0a26dodgejourney2009-2011camcercevesivekapidirek(1).jpg	0,0,2048,1433.6,2048,1433.6	27	1	dae29e0f-21fe-43a5-bd04-7f03a4acebca	NULL
39	28	20140411d3db8adsiz.png	26,0,893.1428571428571,607,867.1428571428571,607	28	1	38075967-2156-4555-ad0d-4c168d90789a	NULL
46	29	201404144d67ffiatpalioyankapicitasi(2).png	219,0,1089,609,870,609	29	1	88cdb850-791d-4970-8957-490e03bae132	NULL
47	30	20140414cc8e9fiatfiorinocamcitasi(3).jpg	597,0,3371.285714285714,1942,2774.285714285714,1942	30	1	c8b2724d-7861-4382-93e5-a4594b44a6f9	NULL
48	31	20140414d7e7afiatdoblosurgulukapicitasi.jpg	0,17,500,367,500,350	31	1	74c525bc-5a1f-4874-8a45-4311f6336c70	NULL
49	32	201404140f9fafiatdoblocamcitasi(1)a.jpg	0,0,2105.714285714286,1474,2105.714285714286,1474	32	1	22152699-be8b-4c01-a9ac-903529fbee10	NULL
50	33	20140415cfa75fiatalbeacamcitasikelebekucgenivekapikolu.jpg	0,251,1416,1242.1999999999998,1416,991.1999999999998	33	1	59936e33-00b9-4ee0-b1ee-d15457282cd9	NULL
51	34	20140415072b7fiatalbeacamcitasikelebekucgenivekapikolu.jpg	0,0,1860,1302,1860,1302	34	1	d64a6262-759b-4848-90b4-f78f40e3bcee	NULL
58	35	2014041557556fiatalbeabagajalticitasi(1).png	76,26,866,579,790,553	35	1	c8f9aeab-55ec-4139-b607-ae1d072f7fe5	NULL
59	36	20140415e9099fiatalbeakaputcitasi(2).jpg	251,240,1925.2857142857142,1412,1674.2857142857142,1172	36	1	d1e2b116-9c5e-4b0d-b158-5d7c325c8fe8	NULL
60	37	201404159a6fafiatalbeacamcitasivekapikoluveyankapicitasi.jpg	113,125,2048,1479.5,1935,1354.5	37	1	bc83e1f3-84b5-447a-85e3-50baa94701ed	NULL
61	38	20140415bccccfiatalbeabagajalticitasiveplakaustu(1).jpg	145,195,1855,1392,1710,1197	38	1	8d7e7d68-220d-46de-8fd3-e7f6a86d3e92	NULL
65	39	201404232798efiatlineakapikolu(2).png	0,63,710,560,710,497	39	1	028c24f5-a92b-41c5-9a58-6ce9337e51be	NULL
66	42	2014042370a0bfiatlineabagajcitasi(1).jpg	403,236,1812,1222.3,1409,986.3	40	1	5f6de7e1-031f-4c74-8a00-aef3e1b30c8d	NULL
67	43	201404234c91efiatlineabagajalticitasi(5).png	65,25,771,519.2,706,494.20000000000005	41	1	dc532a41-5ba2-4a53-bb99-c783ebd1168c	NULL
68	44	20140423b4f29fiatfreemont2009-2011camcercevesivekapidirek(4).jpg	102,133,1967.7142857142858,1439,1865.7142857142858,1306	42	1	d4555004-6dfc-4a33-a791-bac7c5142628	NULL
69	45	2014042353b7afiatfreemont2009-2011camcitasi.png	31,2,895.2857142857143,607,864.2857142857143,605	43	1	c1e8bc90-295a-4ada-a843-a98cd646c7c3	NULL
70	46	2014042389853fiatlineacamcitasi(1).jpg	0,33,797.1428571428571,591,797.1428571428571,558	44	1	ced79b21-5690-4cd3-b177-96db4bf95c67	NULL
71	47	201404233a288fiatpuntocamcitasivekelebekucgeni(1).jpg	0,26,1920,1370,1920,1344	45	1	881609a4-b483-4c61-9e96-0c04228ba353	NULL
72	48	201404284e90ffordmondeocamcercevesiveyankapicitasi.jpg	343,48,3404.4285714285716,2191,3061.4285714285716,2143	46	1	7a5198a0-3644-41fa-87f4-6caef695a99e	NULL
73	49	2014042880e26fordmondeo2008-2013camcercevesi(2).png	6,0,878.8571428571429,611,872.8571428571429,611	47	1	cb4ab874-0d19-4044-8ca6-68d1bd9eee55	NULL
74	51	20140628f5018fordfocus4camcitasi(1).jpg	0,14,2048,1447.6,2048,1433.6	48	1	94e4e9de-5718-4068-978f-3be3c4326ca5	NULL
78	52	20140628c01e6fordfocus4bagajcitasi(1).jpg	101,0,1638.142857142857,1076,1537.142857142857,1076	49	1	4a5567ba-e2c0-4bed-842f-46bd1313f121	NULL
79	53	201406288cfdafordfocus4camcercevesi(1).jpg	116,84,2048,1436.3999999999999,1932,1352.3999999999999	50	1	06df0797-940d-47ed-94fe-e802740e6237	NULL
82	54	20140628804d0fordfocus2camcitasi(3).png	0,0,752,526.4,752,526.4	51	1	5b1dcf98-99a1-46fd-910e-cb8c82c4cefb	NULL
83	55	20140628aab4bfordfocus2camcercevesi(1).jpg	26,99,1965,1456.3,1939,1357.3	52	1	181dcc67-6a3a-4545-9f3f-98ebe4c96ada	NULL
87	56	20140628ca750fordfocus4hbcamcercevesi(2).png	99,0,963.2857142857143,605,864.2857142857143,605	53	1	30318bfe-09f1-48a9-b300-47b224dc6405	NULL
88	57	20140629e4edbfordfiestacamcitasi(3).jpg	0,0,2048,1433.6,2048,1433.6	54	1	6759f88e-f927-4b78-848d-de3b478a2214	NULL
89	58	20140629992fefordfiestaarkatamponcitasi(1).png	0,0,811,567.6999999999999,811,567.6999999999999	55	1	17816934-4b3f-423b-8063-9bfe8e01b3fb	NULL
90	59	2014062972ab1fordfiestatitaniumonpanjur(2).jpg	0,0,2048,1433.6,2048,1433.6	56	1	2641cfd1-62e9-4ea1-8f14-130864f3cd37	NULL
93	60	20140629b945afordfiestacamcercevesi(1).png	0,16,847.1428571428571,609,847.1428571428571,593	57	1	59bcb1ae-dd6d-4d6e-8e5e-83a632aa8e61	NULL
94	61	2014062986907fordkugacamustucercevesi(2).png	216,19,993.1428571428571,563,777.1428571428571,544	58	1	88a9a7b3-b1ab-4216-8e66-add6a2e82aa1	NULL
95	62	201406299b7cbhondahrvcamcitasivekapidirek.jpg	0,131,1861.4285714285716,1434,1861.4285714285716,1303	59	1	ba72031b-1837-4cdb-b376-6bd7b0f48274	NULL
96	63	20140629defe5hondacrvcamcitasivekapidirek(1).jpg	0,21,590,434,590,413	60	1	c400f7d4-30ce-4c8d-8dc6-311dcf5a5908	NULL
97	64	20140629b044bhondacitycamcitasi(2).png	0,45,795.7142857142858,602,795.7142857142858,557	61	1	c4362feb-da90-44b8-b926-626f847192f1	NULL
98	65	20140629f778ehondacivic2012-2013camcitasi(1).jpg	120,37,1960,1325,1840,1288	62	1	dc1a2ca7-4a9a-47a6-88ed-89b74b4d1818	NULL
99	66	20140630a2f29hondacivic2007-2011camcercevesivekapidirek(2).jpg	52,32,590.5714285714286,409,538.5714285714286,377	63	1	f9317f51-120b-4e7c-a486-da804cf8b054	NULL
100	67	20140630b8f01hondacivic2007-2011camcitasi(1).jpg	140,109,640,459,500,350	64	1	e48e874a-56ba-4557-8118-b22aad8b4784	NULL
101	68	20140630dbf6ehondacivic2007-2011camcercevesi.jpg	92,30,720,469.59999999999997,628,439.59999999999997	65	1	15a9ea49-9b8e-4d4d-aead-2ae8f5671fb2	NULL
102	69	201407072eecchyundaisantafe2010-2011camcitasivekapidirek(3).jpg	0,17,1924.2857142857142,1364,1924.2857142857142,1347	66	1	660132b7-9c17-4e82-b3a6-aa8d20d3ef16	NULL
103	70	201407077e981hyundaisantafe2010-2011camcitasivekapidirek(2).jpg	80,100,2048,1477.6,1968,1377.6	67	1	70ad914c-66f8-4891-9f3d-ee5e6f1bf3b9	NULL
104	71	20140707af281hyundaisantafe2010-2012onpanjur.jpg	155,27,1994,1314.3,1839,1287.3	68	1	33b64e5b-7e2a-4f30-a8fe-d954d2acf5a7	NULL
105	72	2014070756599hyundaisantafe2009onpanjur(2).jpg	23,0,587.2857142857143,395,564.2857142857143,395	69	1	c565fb98-5901-4fe7-820e-47869b83efab	NULL
106	73	20140713e45dchyundaii30(2013)yankapicitasi(5).png	51,0,921,609,870,609	70	1	8a61427a-4c8d-45d3-9a27-49a50a8a6d69	NULL
107	74	201407131b7f6hyundaii30(2013)ontamponizgarasi(9).png	186,5,969,553.1,783,548.1	71	1	82732882-0b04-4642-8ad3-fb6a1f4e5d5d	NULL
108	75	2014071326d8dhyundaii-30(2010)camcitasi(2).jpg	11,38,603.8571428571429,453,592.8571428571429,415	72	1	d5ca5375-5212-47a4-9d41-7f8f15c8bf32	NULL
112	76	20140713df75bhyundaii20bagajcitasi(1).png	98,0,962.2857142857143,605,864.2857142857143,605	73	1	68fc6441-76dc-4436-8f13-1ac7231e992d	NULL
114	77	2014071302d3ahyundaii20camcitasi(1).png	56,0,923.1428571428571,607,867.1428571428571,607	74	1	3f8a300d-160c-4a67-93bd-514b22b59d3a	NULL
115	78	2014071304de4hyundaigetzcamcitasivekapidirek.jpg	94,133,1859.7142857142858,1369,1765.7142857142858,1236	75	1	5d8cd1c7-f0bb-4bfd-9255-81fb03375b23	NULL
116	79	20140713e414fhyundaielantracamcercevesivekapidirek(1).jpg	0,37,1916,1378.2,1916,1341.2	76	1	413d52d0-db12-4237-8ed7-72228a2e15b0	NULL
117	80	2014071367955hyundaielantracamcercevesivekapidirek(4).jpg	125,95,1895,1334,1770,1239	77	1	70ce3fad-3aff-45fa-9b43-a67df1ac4b99	NULL
118	81	20140713d4007hyundaiaccenterakelebekucgeni(2).jpg	0,49,576,452.2,576,403.2	78	1	f83312c6-22b0-42e6-9a9f-de25c5239f67	NULL
120	82	20140713ff2b6hyundaiaccenteracamcercevesivekapidirek(1).jpg	12,16,602,429,590,413	79	1	93ccba66-0ac3-4a1a-9982-d978b6c23058	NULL
121	83	2014071358263hyundaiaccenteraonpanjur(2).jpg	17,62,575.5714285714286,453,558.5714285714286,391	80	1	af2e067a-823d-4697-a9f7-af9ee0777084	NULL
122	84	20140713af990hyundaiaccenterabagajcitasi.jpg	5,3,598,418.09999999999997,593,415.09999999999997	81	1	cbdb964f-656d-47aa-b332-957f14c7c30f	NULL
123	85	2014071359b6ehyundaiaccenteracamcercevesivekapidirek(3).jpg	4,0,595.4285714285714,414,591.4285714285714,414	82	1	319bb15b-c4ec-4594-95c8-6c92fec34791	NULL
124	86	20140713c1de5hyundaiix35camcercevesi(4).jpg	889,92,3624.714285714286,2007,2735.714285714286,1915	83	1	35520812-1315-4c6d-bf98-aa1586a1241e	NULL
125	87	201407139ea54hyundaiix35camcitasi(4).jpg	607,80,3704.1428571428573,2248,3097.1428571428573,2168	84	1	88325fc4-3839-4d71-82f3-80b8fa0f6f5d	NULL
127	88	20140713c6128hyundaiaccentbluecamcitasi(3).png	73,0,937.2857142857143,605,864.2857142857143,605	85	1	cbc2820b-50b3-4906-9536-5e6425663b81	NULL